WARNING: 2 open meshes merged
     Merged: WingGeom
     Merged: HT
...Mass Properties...
105 Num Comps
55 Total Num Meshes
136616 Total Num Tris

5.767690163173589e+03             Total Mass
6.225540491039172e+00 2.540195313043355e-02 3.182137393876312e-01       Center of Gravity
3.854746736671736e+04 3.486005726340492e+04 6.556162569000214e+04       Ixx, Iyy, Izz
1.705791240701861e+02 3.193091245494968e+02 -9.078723389967716e+01       Ixy, Ixz, Iyz
4.749949764978731e+01             Volume

Name	Mass	cgX	cgY	cgZ	Ixx	Iyy	Izz	Ixy	Ixz	Iyz	Volume
WingGeom	8.789050128026036e+02	6.048460279044002e+00	-1.352622067181555e-14	1.250065080947533e+00	2.243362948449032e+04	1.966236053307277e+02	2.260879441487120e+04	4.268005897702445e-14	-1.080111552947375e+01	-1.792961344320494e-13	3.499480635692354e+00
Nacells	0.000000000000000e+00	0.000000000000000e+00	0.000000000000000e+00	0.000000000000000e+00	0.000000000000000e+00	0.000000000000000e+00	0.000000000000000e+00	0.000000000000000e+00	0.000000000000000e+00	0.000000000000000e+00	5.871117528256212e-01
Nacells	0.000000000000000e+00	0.000000000000000e+00	0.000000000000000e+00	0.000000000000000e+00	0.000000000000000e+00	0.000000000000000e+00	0.000000000000000e+00	0.000000000000000e+00	0.000000000000000e+00	0.000000000000000e+00	5.871209755393066e-01
InboardTank	1.660204803675657e+02	5.899346414997932e+00	1.526155415530420e+00	1.188676700954356e+00	1.524341510962920e+01	1.717722096388403e+01	3.108533925344418e+01	1.213997587101768e+00	-6.001031192990121e-01	4.176098147397262e-01	2.075256004594576e-01
InboardTank	1.660204803675639e+02	5.899346414997922e+00	-1.526155415530416e+00	1.188676700954350e+00	1.524824500141164e+01	1.717130244090970e+01	3.109608766819979e+01	-1.314003937106060e+00	-5.985466815448444e-01	-1.742014646249630e-01	2.075256004594540e-01
OutboardTank	1.933340833185679e+02	5.938468727524813e+00	4.035654681238356e+00	1.244232781057461e+00	6.873987168255262e+01	1.307973959426317e+01	8.074856149238649e+01	-2.436904637895664e+00	-5.185318668093493e-01	1.785948120232892e+00	2.416676041482102e-01
OutboardTank	1.933341007205278e+02	5.938468656773688e+00	-4.035654040395637e+00	1.244232771110228e+00	6.873874989214747e+01	1.307009764936796e+01	8.075708313861136e+01	2.332853445180459e+00	-5.183660166366824e-01	-1.483614583566365e+00	2.416676259006580e-01
MainGear	5.577224680130230e-02	6.606262049520182e+00	-1.088888891924708e+00	-1.100000006089084e+00	2.044092348712922e-03	3.642159005878481e-03	2.478399214292046e-03	-3.292774716141915e-05	-6.344693653923397e-06	1.275304280618216e-05	5.577224680130230e-02
MainGear	5.577208794832803e-02	6.606262035166537e+00	1.088888984034091e+00	-1.099999232556350e+00	2.103131226748700e-03	3.639238784553505e-03	2.540355727670285e-03	1.649318498754388e-05	-4.286048721362604e-06	3.761713010426352e-05	5.577208794832803e-02
NoseGear	2.827507129306256e-02	2.124143617017763e+00	-1.643367822024495e-09	-1.249999999807394e+00	5.155201762033227e-04	1.187292050889997e-03	8.637705786192494e-04	-2.841453122432926e-06	-2.855570900534222e-06	-2.871352694555309e-06	2.827507129306256e-02
FuselageGeom	1.062069022233782e+03	7.086997390171383e+00	-2.507771350295934e-12	6.113370941607266e-02	1.016919962361028e+03	1.606084897303440e+04	1.599635240772136e+04	1.361866332205697e-08	3.376915440237354e+02	4.807167745465857e-10	3.692077309285586e+01
Pilots	0.000000000000000e+00	0.000000000000000e+00	0.000000000000000e+00	0.000000000000000e+00	0.000000000000000e+00	0.000000000000000e+00	0.000000000000000e+00	0.000000000000000e+00	0.000000000000000e+00	0.000000000000000e+00	7.992767497055511e-02
Pilots	0.000000000000000e+00	0.000000000000000e+00	0.000000000000000e+00	0.000000000000000e+00	0.000000000000000e+00	0.000000000000000e+00	0.000000000000000e+00	0.000000000000000e+00	0.000000000000000e+00	0.000000000000000e+00	4.130311863145036e-02
Pilots	0.000000000000000e+00	0.000000000000000e+00	0.000000000000000e+00	0.000000000000000e+00	0.000000000000000e+00	0.000000000000000e+00	0.000000000000000e+00	0.000000000000000e+00	0.000000000000000e+00	0.000000000000000e+00	7.992767497055507e-02
Pilots	0.000000000000000e+00	0.000000000000000e+00	0.000000000000000e+00	0.000000000000000e+00	0.000000000000000e+00	0.000000000000000e+00	0.000000000000000e+00	0.000000000000000e+00	0.000000000000000e+00	0.000000000000000e+00	4.130311863145044e-02
VT	3.666224554851960e+01	1.445001702948555e+01	1.100672252831703e-16	2.486130399431096e+00	4.615029414617044e+01	6.183515255305284e+01	1.638938362292206e+01	7.582031114962780e-16	1.203057287654694e+01	3.489142562398588e-15	1.299545252489622e+00
HT	3.875051363875967e+01	1.417204849276401e+01	-6.665755116540295e-14	1.537385229205283e+00	1.215035175646054e+02	6.241454727624188e+00	1.270253398493960e+02	-1.087310196752202e-12	-7.158569003096780e-01	1.047698909171526e-10	1.037977016932596e+00
Pax-alone	7.992767497055582e-02	8.288795922872357e+00	5.999999999999988e-01	-4.249999999999988e-01	3.085276226602978e-03	2.839562092584530e-03	3.099313056551511e-03	-4.392476579450965e-05	-1.048571143704094e-05	3.782551119913687e-05	7.992767497055582e-02
Pax-alone	3.367351744460807e-02	8.458955350484199e+00	6.000000000000018e-01	2.896808162045603e-01	3.099787647469059e-03	3.087544338055366e-03	1.164664244934641e-03	-1.387222106053171e-05	8.392420378991724e-04	1.557913208479554e-05	3.367351744460807e-02
PaxGroup-back	7.992767497055564e-02	9.275557342261934e+00	-4.000000000000006e-01	-4.250000000000008e-01	3.141009746845736e-03	2.835398699300400e-03	3.159209970078398e-03	-3.051507254572813e-05	-1.075173011176177e-05	5.159926966528365e-05	7.992767497055564e-02
PaxGroup-back	3.367351744460713e-02	9.473278708333206e+00	-4.000000000000001e-01	3.421307086397660e-01	3.294364353630851e-03	3.275025961458031e-03	1.221550014952116e-03	-1.245510289795920e-05	9.065633504686566e-04	1.916882233282677e-05	3.367351744460713e-02
PaxGroup-back	7.992767497055593e-02	9.275557342261907e+00	5.099999999999987e-02	-4.249999999999983e-01	3.185303228559063e-03	2.835891340112629e-03	3.203010810979488e-03	-2.690313645514748e-05	-1.082886563595849e-05	6.058271723683788e-05	7.992767497055593e-02
PaxGroup-back	3.367351744460714e-02	9.473278708333213e+00	5.100000000000041e-02	3.421307086397661e-01	3.309717386112963e-03	3.272169218232437e-03	1.239759790659827e-03	-1.232456076171177e-05	9.064768351488373e-04	2.058652575195430e-05	3.367351744460714e-02
PaxGroup-back	7.992767497055608e-02	9.275557342261894e+00	5.019999999999970e-01	-4.249999999999984e-01	3.243952474705798e-03	2.837468242679080e-03	3.260083154559785e-03	-2.387354547762824e-05	-1.074818899465854e-05	7.281090300835253e-05	7.992767497055608e-02
PaxGroup-back	3.367351744460720e-02	9.473278708333197e+00	5.020000000000000e-01	3.421307086397656e-01	3.321695473873263e-03	3.270205054278766e-03	1.253702042373794e-03	-1.042998558557934e-05	9.063100663406526e-04	2.158683094756968e-05	3.367351744460720e-02
PaxGroup-front	0.000000000000000e+00	0.000000000000000e+00	0.000000000000000e+00	0.000000000000000e+00	0.000000000000000e+00	0.000000000000000e+00	0.000000000000000e+00	0.000000000000000e+00	0.000000000000000e+00	0.000000000000000e+00	1.030703659895778e-01
PaxGroup-front	0.000000000000000e+00	0.000000000000000e+00	0.000000000000000e+00	0.000000000000000e+00	0.000000000000000e+00	0.000000000000000e+00	0.000000000000000e+00	0.000000000000000e+00	0.000000000000000e+00	0.000000000000000e+00	3.406845682342031e-02
PaxGroup-front	0.000000000000000e+00	0.000000000000000e+00	0.000000000000000e+00	0.000000000000000e+00	0.000000000000000e+00	0.000000000000000e+00	0.000000000000000e+00	0.000000000000000e+00	0.000000000000000e+00	0.000000000000000e+00	1.030703659895776e-01
PaxGroup-front	0.000000000000000e+00	0.000000000000000e+00	0.000000000000000e+00	0.000000000000000e+00	0.000000000000000e+00	0.000000000000000e+00	0.000000000000000e+00	0.000000000000000e+00	0.000000000000000e+00	0.000000000000000e+00	3.406845682342040e-02
PaxGroup-front	0.000000000000000e+00	0.000000000000000e+00	0.000000000000000e+00	0.000000000000000e+00	0.000000000000000e+00	0.000000000000000e+00	0.000000000000000e+00	0.000000000000000e+00	0.000000000000000e+00	0.000000000000000e+00	1.030703659895778e-01
PaxGroup-front	0.000000000000000e+00	0.000000000000000e+00	0.000000000000000e+00	0.000000000000000e+00	0.000000000000000e+00	0.000000000000000e+00	0.000000000000000e+00	0.000000000000000e+00	0.000000000000000e+00	0.000000000000000e+00	3.406845682342035e-02
PaxGroup-front	0.000000000000000e+00	0.000000000000000e+00	0.000000000000000e+00	0.000000000000000e+00	0.000000000000000e+00	0.000000000000000e+00	0.000000000000000e+00	0.000000000000000e+00	0.000000000000000e+00	0.000000000000000e+00	1.030703659895778e-01
PaxGroup-front	0.000000000000000e+00	0.000000000000000e+00	0.000000000000000e+00	0.000000000000000e+00	0.000000000000000e+00	0.000000000000000e+00	0.000000000000000e+00	0.000000000000000e+00	0.000000000000000e+00	0.000000000000000e+00	3.344217239330007e-02
PaxGroup-front	0.000000000000000e+00	0.000000000000000e+00	0.000000000000000e+00	0.000000000000000e+00	0.000000000000000e+00	0.000000000000000e+00	0.000000000000000e+00	0.000000000000000e+00	0.000000000000000e+00	0.000000000000000e+00	1.030703659895778e-01
PaxGroup-front	0.000000000000000e+00	0.000000000000000e+00	0.000000000000000e+00	0.000000000000000e+00	0.000000000000000e+00	0.000000000000000e+00	0.000000000000000e+00	0.000000000000000e+00	0.000000000000000e+00	0.000000000000000e+00	3.344217239330004e-02
PaxGroup-front	0.000000000000000e+00	0.000000000000000e+00	0.000000000000000e+00	0.000000000000000e+00	0.000000000000000e+00	0.000000000000000e+00	0.000000000000000e+00	0.000000000000000e+00	0.000000000000000e+00	0.000000000000000e+00	1.030703659895781e-01
PaxGroup-front	0.000000000000000e+00	0.000000000000000e+00	0.000000000000000e+00	0.000000000000000e+00	0.000000000000000e+00	0.000000000000000e+00	0.000000000000000e+00	0.000000000000000e+00	0.000000000000000e+00	0.000000000000000e+00	3.344217239330009e-02
PaxGroup-front	0.000000000000000e+00	0.000000000000000e+00	0.000000000000000e+00	0.000000000000000e+00	0.000000000000000e+00	0.000000000000000e+00	0.000000000000000e+00	0.000000000000000e+00	0.000000000000000e+00	0.000000000000000e+00	7.650949543359317e-02
PaxGroup-front	0.000000000000000e+00	0.000000000000000e+00	0.000000000000000e+00	0.000000000000000e+00	0.000000000000000e+00	0.000000000000000e+00	0.000000000000000e+00	0.000000000000000e+00	0.000000000000000e+00	0.000000000000000e+00	3.451851181067642e-02
PaxGroup-front	0.000000000000000e+00	0.000000000000000e+00	0.000000000000000e+00	0.000000000000000e+00	0.000000000000000e+00	0.000000000000000e+00	0.000000000000000e+00	0.000000000000000e+00	0.000000000000000e+00	0.000000000000000e+00	7.650949543359327e-02
PaxGroup-front	0.000000000000000e+00	0.000000000000000e+00	0.000000000000000e+00	0.000000000000000e+00	0.000000000000000e+00	0.000000000000000e+00	0.000000000000000e+00	0.000000000000000e+00	0.000000000000000e+00	0.000000000000000e+00	3.451851181067645e-02
PaxGroup-front	0.000000000000000e+00	0.000000000000000e+00	0.000000000000000e+00	0.000000000000000e+00	0.000000000000000e+00	0.000000000000000e+00	0.000000000000000e+00	0.000000000000000e+00	0.000000000000000e+00	0.000000000000000e+00	7.650949543359344e-02
PaxGroup-front	0.000000000000000e+00	0.000000000000000e+00	0.000000000000000e+00	0.000000000000000e+00	0.000000000000000e+00	0.000000000000000e+00	0.000000000000000e+00	0.000000000000000e+00	0.000000000000000e+00	0.000000000000000e+00	3.451851181067643e-02
PaxGroup-front	0.000000000000000e+00	0.000000000000000e+00	0.000000000000000e+00	0.000000000000000e+00	0.000000000000000e+00	0.000000000000000e+00	0.000000000000000e+00	0.000000000000000e+00	0.000000000000000e+00	0.000000000000000e+00	7.839061359910784e-02
PaxGroup-front	0.000000000000000e+00	0.000000000000000e+00	0.000000000000000e+00	0.000000000000000e+00	0.000000000000000e+00	0.000000000000000e+00	0.000000000000000e+00	0.000000000000000e+00	0.000000000000000e+00	0.000000000000000e+00	3.409127710517493e-02
PaxGroup-front	0.000000000000000e+00	0.000000000000000e+00	0.000000000000000e+00	0.000000000000000e+00	0.000000000000000e+00	0.000000000000000e+00	0.000000000000000e+00	0.000000000000000e+00	0.000000000000000e+00	0.000000000000000e+00	7.839061359910819e-02
PaxGroup-front	0.000000000000000e+00	0.000000000000000e+00	0.000000000000000e+00	0.000000000000000e+00	0.000000000000000e+00	0.000000000000000e+00	0.000000000000000e+00	0.000000000000000e+00	0.000000000000000e+00	0.000000000000000e+00	3.409127710517486e-02
PaxGroup-front	0.000000000000000e+00	0.000000000000000e+00	0.000000000000000e+00	0.000000000000000e+00	0.000000000000000e+00	0.000000000000000e+00	0.000000000000000e+00	0.000000000000000e+00	0.000000000000000e+00	0.000000000000000e+00	7.839061359910800e-02
PaxGroup-front	0.000000000000000e+00	0.000000000000000e+00	0.000000000000000e+00	0.000000000000000e+00	0.000000000000000e+00	0.000000000000000e+00	0.000000000000000e+00	0.000000000000000e+00	0.000000000000000e+00	0.000000000000000e+00	3.409127710517489e-02
PaxGroup-front	0.000000000000000e+00	0.000000000000000e+00	0.000000000000000e+00	0.000000000000000e+00	0.000000000000000e+00	0.000000000000000e+00	0.000000000000000e+00	0.000000000000000e+00	0.000000000000000e+00	0.000000000000000e+00	7.992767497055500e-02
PaxGroup-front	0.000000000000000e+00	0.000000000000000e+00	0.000000000000000e+00	0.000000000000000e+00	0.000000000000000e+00	0.000000000000000e+00	0.000000000000000e+00	0.000000000000000e+00	0.000000000000000e+00	0.000000000000000e+00	3.371664241405686e-02
PaxGroup-front	0.000000000000000e+00	0.000000000000000e+00	0.000000000000000e+00	0.000000000000000e+00	0.000000000000000e+00	0.000000000000000e+00	0.000000000000000e+00	0.000000000000000e+00	0.000000000000000e+00	0.000000000000000e+00	7.992767497055506e-02
PaxGroup-front	0.000000000000000e+00	0.000000000000000e+00	0.000000000000000e+00	0.000000000000000e+00	0.000000000000000e+00	0.000000000000000e+00	0.000000000000000e+00	0.000000000000000e+00	0.000000000000000e+00	0.000000000000000e+00	3.371664241405687e-02
PaxGroup-front	0.000000000000000e+00	0.000000000000000e+00	0.000000000000000e+00	0.000000000000000e+00	0.000000000000000e+00	0.000000000000000e+00	0.000000000000000e+00	0.000000000000000e+00	0.000000000000000e+00	0.000000000000000e+00	7.992767497055507e-02
PaxGroup-front	0.000000000000000e+00	0.000000000000000e+00	0.000000000000000e+00	0.000000000000000e+00	0.000000000000000e+00	0.000000000000000e+00	0.000000000000000e+00	0.000000000000000e+00	0.000000000000000e+00	0.000000000000000e+00	3.371664241405688e-02
Nacells_pm	3.250000000000000e+02	4.800000000000000e+00	2.500000000000000e+00	9.499999999999998e-01	0.000000000000000e+00	0.000000000000000e+00	0.000000000000000e+00	-0.000000000000000e+00	-0.000000000000000e+00	-0.000000000000000e+00	0.000000000000000e+00
Nacells_pm	3.250000000000000e+02	4.800000000000000e+00	-2.500000000000000e+00	9.499999999999998e-01	0.000000000000000e+00	0.000000000000000e+00	0.000000000000000e+00	-0.000000000000000e+00	-0.000000000000000e+00	-0.000000000000000e+00	0.000000000000000e+00
MainGear_pm	9.300000000000000e+01	6.600000000000000e+00	-1.200000000000000e+00	-1.100000000000000e+00	0.000000000000000e+00	0.000000000000000e+00	0.000000000000000e+00	-0.000000000000000e+00	-0.000000000000000e+00	-0.000000000000000e+00	0.000000000000000e+00
MainGear_pm	9.300000000000000e+01	6.600000000000000e+00	1.200000000000000e+00	-1.100000000000000e+00	0.000000000000000e+00	0.000000000000000e+00	0.000000000000000e+00	-0.000000000000000e+00	-0.000000000000000e+00	-0.000000000000000e+00	0.000000000000000e+00
NoseGear_pm	6.200000000000000e+01	2.100000000000000e+00	-1.000000000000000e-01	-1.250000000000000e+00	0.000000000000000e+00	0.000000000000000e+00	0.000000000000000e+00	-0.000000000000000e+00	-0.000000000000000e+00	-0.000000000000000e+00	0.000000000000000e+00
FuselageGeom_pm	7.500000000000000e+00	0.000000000000000e+00	0.000000000000000e+00	-2.200000000000000e-01	0.000000000000000e+00	0.000000000000000e+00	0.000000000000000e+00	-0.000000000000000e+00	-0.000000000000000e+00	-0.000000000000000e+00	0.000000000000000e+00
Pilots_pm	4.875000000000000e+01	2.800000000000000e+00	2.500000000000002e-02	-1.500000000000000e-01	0.000000000000000e+00	0.000000000000000e+00	0.000000000000000e+00	-0.000000000000000e+00	-0.000000000000000e+00	-0.000000000000000e+00	0.000000000000000e+00
Pilots_pm	4.875000000000000e+01	2.800000000000000e+00	2.500000000000002e-02	-1.500000000000000e-01	0.000000000000000e+00	0.000000000000000e+00	0.000000000000000e+00	-0.000000000000000e+00	-0.000000000000000e+00	-0.000000000000000e+00	0.000000000000000e+00
Pilots_pm	4.875000000000000e+01	2.800000000000000e+00	2.500000000000002e-02	-1.500000000000000e-01	0.000000000000000e+00	0.000000000000000e+00	0.000000000000000e+00	-0.000000000000000e+00	-0.000000000000000e+00	-0.000000000000000e+00	0.000000000000000e+00
Pilots_pm	4.875000000000000e+01	2.800000000000000e+00	2.500000000000002e-02	-1.500000000000000e-01	0.000000000000000e+00	0.000000000000000e+00	0.000000000000000e+00	-0.000000000000000e+00	-0.000000000000000e+00	-0.000000000000000e+00	0.000000000000000e+00
Avionics_pm	4.000000000000000e+01	2.200000000000000e+00	0.000000000000000e+00	0.000000000000000e+00	0.000000000000000e+00	0.000000000000000e+00	0.000000000000000e+00	-0.000000000000000e+00	-0.000000000000000e+00	-0.000000000000000e+00	0.000000000000000e+00
Radar_pm	2.000000000000000e+01	1.500000000000000e+00	0.000000000000000e+00	-2.000000000000000e-01	0.000000000000000e+00	0.000000000000000e+00	0.000000000000000e+00	-0.000000000000000e+00	-0.000000000000000e+00	-0.000000000000000e+00	0.000000000000000e+00
Pax-alone_pm	4.925000000000000e+01	8.350000000000000e+00	6.000000000000000e-01	-3.500000000000000e-01	0.000000000000000e+00	0.000000000000000e+00	0.000000000000000e+00	-0.000000000000000e+00	-0.000000000000000e+00	-0.000000000000000e+00	0.000000000000000e+00
Pax-alone_pm	4.925000000000000e+01	8.350000000000000e+00	6.000000000000000e-01	-3.500000000000000e-01	0.000000000000000e+00	0.000000000000000e+00	0.000000000000000e+00	-0.000000000000000e+00	-0.000000000000000e+00	-0.000000000000000e+00	0.000000000000000e+00
PaxGroup-back_pm	4.925000000000000e+01	9.300000000000001e+00	5.000000000000004e-02	-3.500000000000000e-01	0.000000000000000e+00	0.000000000000000e+00	0.000000000000000e+00	-0.000000000000000e+00	-0.000000000000000e+00	-0.000000000000000e+00	0.000000000000000e+00
PaxGroup-back_pm	4.925000000000000e+01	9.300000000000001e+00	5.000000000000004e-02	-3.500000000000000e-01	0.000000000000000e+00	0.000000000000000e+00	0.000000000000000e+00	-0.000000000000000e+00	-0.000000000000000e+00	-0.000000000000000e+00	0.000000000000000e+00
PaxGroup-back_pm	4.925000000000000e+01	9.300000000000001e+00	5.000000000000004e-02	-3.500000000000000e-01	0.000000000000000e+00	0.000000000000000e+00	0.000000000000000e+00	-0.000000000000000e+00	-0.000000000000000e+00	-0.000000000000000e+00	0.000000000000000e+00
PaxGroup-back_pm	4.925000000000000e+01	9.300000000000001e+00	5.000000000000004e-02	-3.500000000000000e-01	0.000000000000000e+00	0.000000000000000e+00	0.000000000000000e+00	-0.000000000000000e+00	-0.000000000000000e+00	-0.000000000000000e+00	0.000000000000000e+00
PaxGroup-back_pm	4.925000000000000e+01	9.300000000000001e+00	5.000000000000004e-02	-3.500000000000000e-01	0.000000000000000e+00	0.000000000000000e+00	0.000000000000000e+00	-0.000000000000000e+00	-0.000000000000000e+00	-0.000000000000000e+00	0.000000000000000e+00
PaxGroup-back_pm	4.925000000000000e+01	9.300000000000001e+00	5.000000000000004e-02	-3.500000000000000e-01	0.000000000000000e+00	0.000000000000000e+00	0.000000000000000e+00	-0.000000000000000e+00	-0.000000000000000e+00	-0.000000000000000e+00	0.000000000000000e+00
PaxGroup-front_pm	4.925000000000000e+01	6.100000000000000e+00	5.000000000000004e-02	-3.500000000000000e-01	0.000000000000000e+00	0.000000000000000e+00	0.000000000000000e+00	-0.000000000000000e+00	-0.000000000000000e+00	-0.000000000000000e+00	0.000000000000000e+00
PaxGroup-front_pm	4.925000000000000e+01	6.100000000000000e+00	5.000000000000004e-02	-3.500000000000000e-01	0.000000000000000e+00	0.000000000000000e+00	0.000000000000000e+00	-0.000000000000000e+00	-0.000000000000000e+00	-0.000000000000000e+00	0.000000000000000e+00
PaxGroup-front_pm	4.925000000000000e+01	6.100000000000000e+00	5.000000000000004e-02	-3.500000000000000e-01	0.000000000000000e+00	0.000000000000000e+00	0.000000000000000e+00	-0.000000000000000e+00	-0.000000000000000e+00	-0.000000000000000e+00	0.000000000000000e+00
PaxGroup-front_pm	4.925000000000000e+01	6.100000000000000e+00	5.000000000000004e-02	-3.500000000000000e-01	0.000000000000000e+00	0.000000000000000e+00	0.000000000000000e+00	-0.000000000000000e+00	-0.000000000000000e+00	-0.000000000000000e+00	0.000000000000000e+00
PaxGroup-front_pm	4.925000000000000e+01	6.100000000000000e+00	5.000000000000004e-02	-3.500000000000000e-01	0.000000000000000e+00	0.000000000000000e+00	0.000000000000000e+00	-0.000000000000000e+00	-0.000000000000000e+00	-0.000000000000000e+00	0.000000000000000e+00
PaxGroup-front_pm	4.925000000000000e+01	6.100000000000000e+00	5.000000000000004e-02	-3.500000000000000e-01	0.000000000000000e+00	0.000000000000000e+00	0.000000000000000e+00	-0.000000000000000e+00	-0.000000000000000e+00	-0.000000000000000e+00	0.000000000000000e+00
PaxGroup-front_pm	4.925000000000000e+01	6.100000000000000e+00	5.000000000000004e-02	-3.500000000000000e-01	0.000000000000000e+00	0.000000000000000e+00	0.000000000000000e+00	-0.000000000000000e+00	-0.000000000000000e+00	-0.000000000000000e+00	0.000000000000000e+00
PaxGroup-front_pm	4.925000000000000e+01	6.100000000000000e+00	5.000000000000004e-02	-3.500000000000000e-01	0.000000000000000e+00	0.000000000000000e+00	0.000000000000000e+00	-0.000000000000000e+00	-0.000000000000000e+00	-0.000000000000000e+00	0.000000000000000e+00
PaxGroup-front_pm	4.925000000000000e+01	6.100000000000000e+00	5.000000000000004e-02	-3.500000000000000e-01	0.000000000000000e+00	0.000000000000000e+00	0.000000000000000e+00	-0.000000000000000e+00	-0.000000000000000e+00	-0.000000000000000e+00	0.000000000000000e+00
PaxGroup-front_pm	4.925000000000000e+01	6.100000000000000e+00	5.000000000000004e-02	-3.500000000000000e-01	0.000000000000000e+00	0.000000000000000e+00	0.000000000000000e+00	-0.000000000000000e+00	-0.000000000000000e+00	-0.000000000000000e+00	0.000000000000000e+00
PaxGroup-front_pm	4.925000000000000e+01	6.100000000000000e+00	5.000000000000004e-02	-3.500000000000000e-01	0.000000000000000e+00	0.000000000000000e+00	0.000000000000000e+00	-0.000000000000000e+00	-0.000000000000000e+00	-0.000000000000000e+00	0.000000000000000e+00
PaxGroup-front_pm	4.925000000000000e+01	6.100000000000000e+00	5.000000000000004e-02	-3.500000000000000e-01	0.000000000000000e+00	0.000000000000000e+00	0.000000000000000e+00	-0.000000000000000e+00	-0.000000000000000e+00	-0.000000000000000e+00	0.000000000000000e+00
PaxGroup-front_pm	4.925000000000000e+01	6.100000000000000e+00	5.000000000000004e-02	-3.500000000000000e-01	0.000000000000000e+00	0.000000000000000e+00	0.000000000000000e+00	-0.000000000000000e+00	-0.000000000000000e+00	-0.000000000000000e+00	0.000000000000000e+00
PaxGroup-front_pm	4.925000000000000e+01	6.100000000000000e+00	5.000000000000004e-02	-3.500000000000000e-01	0.000000000000000e+00	0.000000000000000e+00	0.000000000000000e+00	-0.000000000000000e+00	-0.000000000000000e+00	-0.000000000000000e+00	0.000000000000000e+00
PaxGroup-front_pm	4.925000000000000e+01	6.100000000000000e+00	5.000000000000004e-02	-3.500000000000000e-01	0.000000000000000e+00	0.000000000000000e+00	0.000000000000000e+00	-0.000000000000000e+00	-0.000000000000000e+00	-0.000000000000000e+00	0.000000000000000e+00
PaxGroup-front_pm	4.925000000000000e+01	6.100000000000000e+00	5.000000000000004e-02	-3.500000000000000e-01	0.000000000000000e+00	0.000000000000000e+00	0.000000000000000e+00	-0.000000000000000e+00	-0.000000000000000e+00	-0.000000000000000e+00	0.000000000000000e+00
PaxGroup-front_pm	4.925000000000000e+01	6.100000000000000e+00	5.000000000000004e-02	-3.500000000000000e-01	0.000000000000000e+00	0.000000000000000e+00	0.000000000000000e+00	-0.000000000000000e+00	-0.000000000000000e+00	-0.000000000000000e+00	0.000000000000000e+00
PaxGroup-front_pm	4.925000000000000e+01	6.100000000000000e+00	5.000000000000004e-02	-3.500000000000000e-01	0.000000000000000e+00	0.000000000000000e+00	0.000000000000000e+00	-0.000000000000000e+00	-0.000000000000000e+00	-0.000000000000000e+00	0.000000000000000e+00
PaxGroup-front_pm	4.925000000000000e+01	6.100000000000000e+00	5.000000000000004e-02	-3.500000000000000e-01	0.000000000000000e+00	0.000000000000000e+00	0.000000000000000e+00	-0.000000000000000e+00	-0.000000000000000e+00	-0.000000000000000e+00	0.000000000000000e+00
PaxGroup-front_pm	4.925000000000000e+01	6.100000000000000e+00	5.000000000000004e-02	-3.500000000000000e-01	0.000000000000000e+00	0.000000000000000e+00	0.000000000000000e+00	-0.000000000000000e+00	-0.000000000000000e+00	-0.000000000000000e+00	0.000000000000000e+00
PaxGroup-front_pm	4.925000000000000e+01	6.100000000000000e+00	5.000000000000004e-02	-3.500000000000000e-01	0.000000000000000e+00	0.000000000000000e+00	0.000000000000000e+00	-0.000000000000000e+00	-0.000000000000000e+00	-0.000000000000000e+00	0.000000000000000e+00
PaxGroup-front_pm	4.925000000000000e+01	6.100000000000000e+00	5.000000000000004e-02	-3.500000000000000e-01	0.000000000000000e+00	0.000000000000000e+00	0.000000000000000e+00	-0.000000000000000e+00	-0.000000000000000e+00	-0.000000000000000e+00	0.000000000000000e+00
PaxGroup-front_pm	4.925000000000000e+01	6.100000000000000e+00	5.000000000000004e-02	-3.500000000000000e-01	0.000000000000000e+00	0.000000000000000e+00	0.000000000000000e+00	-0.000000000000000e+00	-0.000000000000000e+00	-0.000000000000000e+00	0.000000000000000e+00
PaxGroup-front_pm	4.925000000000000e+01	6.100000000000000e+00	5.000000000000004e-02	-3.500000000000000e-01	0.000000000000000e+00	0.000000000000000e+00	0.000000000000000e+00	-0.000000000000000e+00	-0.000000000000000e+00	-0.000000000000000e+00	0.000000000000000e+00
PaxGroup-front_pm	4.925000000000000e+01	6.100000000000000e+00	5.000000000000004e-02	-3.500000000000000e-01	0.000000000000000e+00	0.000000000000000e+00	0.000000000000000e+00	-0.000000000000000e+00	-0.000000000000000e+00	-0.000000000000000e+00	0.000000000000000e+00
PaxGroup-front_pm	4.925000000000000e+01	6.100000000000000e+00	5.000000000000004e-02	-3.500000000000000e-01	0.000000000000000e+00	0.000000000000000e+00	0.000000000000000e+00	-0.000000000000000e+00	-0.000000000000000e+00	-0.000000000000000e+00	0.000000000000000e+00
PaxGroup-front_pm	4.925000000000000e+01	6.100000000000000e+00	5.000000000000004e-02	-3.500000000000000e-01	0.000000000000000e+00	0.000000000000000e+00	0.000000000000000e+00	-0.000000000000000e+00	-0.000000000000000e+00	-0.000000000000000e+00	0.000000000000000e+00
PaxGroup-front_pm	4.925000000000000e+01	6.100000000000000e+00	5.000000000000004e-02	-3.500000000000000e-01	0.000000000000000e+00	0.000000000000000e+00	0.000000000000000e+00	-0.000000000000000e+00	-0.000000000000000e+00	-0.000000000000000e+00	0.000000000000000e+00
PaxGroup-front_pm	4.925000000000000e+01	6.100000000000000e+00	5.000000000000004e-02	-3.500000000000000e-01	0.000000000000000e+00	0.000000000000000e+00	0.000000000000000e+00	-0.000000000000000e+00	-0.000000000000000e+00	-0.000000000000000e+00	0.000000000000000e+00
PaxGroup-front_pm	4.925000000000000e+01	6.100000000000000e+00	5.000000000000004e-02	-3.500000000000000e-01	0.000000000000000e+00	0.000000000000000e+00	0.000000000000000e+00	-0.000000000000000e+00	-0.000000000000000e+00	-0.000000000000000e+00	0.000000000000000e+00
Name	Mass	cgX	cgY	cgZ	Ixx	Iyy	Izz	Ixy	Ixz	Iyz	Volume
Totals	5.767690163173589e+03	6.225540491039172e+00	2.540195313043355e-02	3.182137393876312e-01	3.854746736671736e+04	3.486005726340492e+04	6.556162569000214e+04	1.705791240701861e+02	3.193091245494968e+02	-9.078723389967716e+01	4.749949764978731e+01

...Filling Mass Properties (Volume Only -- No Shell or Point Mass)...
80 Num Slice

Slice	Mass	cgX	cgY	cgZ	Ixx	Iyy	Izz	Ixy	Ixz	Iyz	Volume
9.867614193895682e-02	0.000000000000000e+00	0.000000000000000e+00	0.000000000000000e+00	0.000000000000000e+00	0.000000000000000e+00	0.000000000000000e+00	0.000000000000000e+00	0.000000000000000e+00	0.000000000000000e+00	0.000000000000000e+00	1.202793269396612e-02
2.960284258168705e-01	0.000000000000000e+00	0.000000000000000e+00	0.000000000000000e+00	0.000000000000000e+00	0.000000000000000e+00	0.000000000000000e+00	0.000000000000000e+00	0.000000000000000e+00	0.000000000000000e+00	0.000000000000000e+00	9.461730165486028e-02
4.933807096947841e-01	0.000000000000000e+00	0.000000000000000e+00	0.000000000000000e+00	0.000000000000000e+00	0.000000000000000e+00	0.000000000000000e+00	0.000000000000000e+00	0.000000000000000e+00	0.000000000000000e+00	0.000000000000000e+00	2.215322250554184e-01
6.907329935726978e-01	0.000000000000000e+00	0.000000000000000e+00	0.000000000000000e+00	0.000000000000000e+00	0.000000000000000e+00	0.000000000000000e+00	0.000000000000000e+00	0.000000000000000e+00	0.000000000000000e+00	0.000000000000000e+00	4.022464506756878e-01
8.880852774506114e-01	0.000000000000000e+00	0.000000000000000e+00	0.000000000000000e+00	0.000000000000000e+00	0.000000000000000e+00	0.000000000000000e+00	0.000000000000000e+00	0.000000000000000e+00	0.000000000000000e+00	0.000000000000000e+00	6.362646551655518e-01
1.085437561328525e+00	0.000000000000000e+00	0.000000000000000e+00	0.000000000000000e+00	0.000000000000000e+00	0.000000000000000e+00	0.000000000000000e+00	0.000000000000000e+00	0.000000000000000e+00	0.000000000000000e+00	0.000000000000000e+00	9.103368345048224e-01
1.282789845206439e+00	0.000000000000000e+00	0.000000000000000e+00	0.000000000000000e+00	0.000000000000000e+00	0.000000000000000e+00	0.000000000000000e+00	0.000000000000000e+00	0.000000000000000e+00	0.000000000000000e+00	0.000000000000000e+00	1.227610715899731e+00
1.480142129084352e+00	0.000000000000000e+00	0.000000000000000e+00	0.000000000000000e+00	0.000000000000000e+00	0.000000000000000e+00	0.000000000000000e+00	0.000000000000000e+00	0.000000000000000e+00	0.000000000000000e+00	0.000000000000000e+00	1.591234026556510e+00
1.677494412962266e+00	0.000000000000000e+00	0.000000000000000e+00	0.000000000000000e+00	0.000000000000000e+00	0.000000000000000e+00	0.000000000000000e+00	0.000000000000000e+00	0.000000000000000e+00	0.000000000000000e+00	0.000000000000000e+00	1.991704541024995e+00
1.874846696840180e+00	4.169378240902843e-03	1.874846696840180e+00	4.401891960540222e-17	-1.250000000000000e+00	1.925806668033482e-05	4.681786797259150e-05	4.010212647986533e-05	-3.103983486384930e-07	-4.419018861525926e-07	-3.308343970925135e-07	2.432390507099123e+00
2.072198980718093e+00	1.666347720441213e-02	2.022819351958786e+00	-2.788514170590621e-09	-1.249999999673182e+00	3.672845232074521e-04	5.724653743556469e-04	3.087536328682567e-04	-1.559534235336501e-06	-1.609245655339118e-06	-1.504630860564368e-06	2.918970440753741e+00
2.269551264596007e+00	2.827507129306251e-02	2.124143617017766e+00	-1.643367819611185e-09	-1.249999999807396e+00	5.155201762033227e-04	1.187292050889994e-03	8.637705786192475e-04	-2.841453122432923e-06	-2.855570900533684e-06	-2.871352694555332e-06	3.439271022475440e+00
2.466903548473921e+00	2.827507129306251e-02	2.124143617017766e+00	-1.643367819611185e-09	-1.249999999807396e+00	5.155201762033227e-04	1.187292050889994e-03	8.637705786192475e-04	-2.841453122432923e-06	-2.855570900533684e-06	-2.871352694555332e-06	4.017786041185794e+00
2.664255832351834e+00	2.827507129306251e-02	2.124143617017766e+00	-1.643367819611185e-09	-1.249999999807396e+00	5.155201762033227e-04	1.187292050889994e-03	8.637705786192475e-04	-2.841453122432923e-06	-2.855570900533684e-06	-2.871352694555332e-06	4.699831820539917e+00
2.861608116229748e+00	2.827507129306251e-02	2.124143617017766e+00	-1.643367819611185e-09	-1.249999999807396e+00	5.155201762033227e-04	1.187292050889994e-03	8.637705786192475e-04	-2.841453122432923e-06	-2.855570900533684e-06	-2.871352694555332e-06	5.447934496886892e+00
3.058960400107662e+00	2.827507129306251e-02	2.124143617017766e+00	-1.643367819611185e-09	-1.249999999807396e+00	5.155201762033227e-04	1.187292050889994e-03	8.637705786192475e-04	-2.841453122432923e-06	-2.855570900533684e-06	-2.871352694555332e-06	6.219368477186093e+00
3.256312683985575e+00	2.827507129306251e-02	2.124143617017766e+00	-1.643367819611185e-09	-1.249999999807396e+00	5.155201762033227e-04	1.187292050889994e-03	8.637705786192475e-04	-2.841453122432923e-06	-2.855570900533684e-06	-2.871352694555332e-06	6.994287841141391e+00
3.453664967863489e+00	2.827507129306251e-02	2.124143617017766e+00	-1.643367819611185e-09	-1.249999999807396e+00	5.155201762033227e-04	1.187292050889994e-03	8.637705786192475e-04	-2.841453122432923e-06	-2.855570900533684e-06	-2.871352694555332e-06	7.769207205096691e+00
3.651017251741402e+00	2.827507129306251e-02	2.124143617017766e+00	-1.643367819611185e-09	-1.249999999807396e+00	5.155201762033227e-04	1.187292050889994e-03	8.637705786192475e-04	-2.841453122432923e-06	-2.855570900533684e-06	-2.871352694555332e-06	8.544126569051992e+00
3.848369535619316e+00	2.827507129306251e-02	2.124143617017766e+00	-1.643367819611185e-09	-1.249999999807396e+00	5.155201762033227e-04	1.187292050889994e-03	8.637705786192475e-04	-2.841453122432923e-06	-2.855570900533684e-06	-2.871352694555332e-06	9.319045932995866e+00
4.045721819497230e+00	2.827507129306251e-02	2.124143617017766e+00	-1.643367819611185e-09	-1.249999999807396e+00	5.155201762033227e-04	1.187292050889994e-03	8.637705786192475e-04	-2.841453122432923e-06	-2.855570900533684e-06	-2.871352694555332e-06	1.009396529695117e+01
4.243074103375143e+00	2.827507129306251e-02	2.124143617017766e+00	-1.643367819611185e-09	-1.249999999807396e+00	5.155201762033227e-04	1.187292050889994e-03	8.637705786192475e-04	-2.841453122432923e-06	-2.855570900533684e-06	-2.871352694555332e-06	1.097076884436215e+01
4.440426387253057e+00	2.827507129306251e-02	2.124143617017766e+00	-1.643367819611185e-09	-1.249999999807396e+00	5.155201762033227e-04	1.187292050889994e-03	8.637705786192475e-04	-2.841453122432923e-06	-2.855570900533684e-06	-2.871352694555332e-06	1.191189481402727e+01
4.637778671130970e+00	2.827507129306251e-02	2.124143617017766e+00	-1.643367819611185e-09	-1.249999999807396e+00	5.155201762033227e-04	1.187292050889994e-03	8.637705786192475e-04	-2.841453122432923e-06	-2.855570900533684e-06	-2.871352694555332e-06	1.286054784550146e+01
4.835130955008885e+00	2.827507129306251e-02	2.124143617017766e+00	-1.643367819611185e-09	-1.249999999807396e+00	5.155201762033227e-04	1.187292050889994e-03	8.637705786192475e-04	-2.841453122432923e-06	-2.855570900533684e-06	-2.871352694555332e-06	1.380884623002978e+01
5.032483238886798e+00	2.827507129306251e-02	2.124143617017766e+00	-1.643367819611185e-09	-1.249999999807396e+00	5.155201762033227e-04	1.187292050889994e-03	8.637705786192475e-04	-2.841453122432923e-06	-2.855570900533684e-06	-2.871352694555332e-06	1.475183024404899e+01
5.229835522764712e+00	2.827507129306251e-02	2.124143617017766e+00	-1.643367819611185e-09	-1.249999999807396e+00	5.155201762033227e-04	1.187292050889994e-03	8.637705786192475e-04	-2.841453122432923e-06	-2.855570900533684e-06	-2.871352694555332e-06	1.584944466934662e+01
5.427187806642626e+00	4.052061233676917e+01	5.424882959687926e+00	-1.037330869743235e-12	1.198307992421886e+00	8.236696847577873e+01	9.383187350074648e-01	8.270384439244434e+01	-1.481703413061121e-02	2.251027844474477e-01	1.948896831409954e-02	1.721502701894439e+01
5.624540090520539e+00	1.967963720649614e+02	5.583430444474450e+00	-2.126862751875867e-13	1.223929491489901e+00	1.737669474536838e+03	4.173233879808773e+00	1.739872896459238e+03	-7.241251874018513e-02	4.213723794941718e-01	1.448319686780829e-01	1.884297065134328e+01
5.821892374398453e+00	3.701126155448915e+02	5.695097337661977e+00	-6.535448552021253e-07	1.226337440350775e+00	3.650516341284743e+03	1.162318604301235e+01	3.658563146116850e+03	-1.309368143006281e-01	5.220044008188979e-01	2.888935965361458e-01	2.054708131765515e+01
6.019244658276366e+00	5.310439416056379e+02	5.793329242893384e+00	9.725526771139708e-08	1.224993922666647e+00	5.442808134088099e+03	2.539234454989400e+01	5.463267384808191e+03	-1.798033595272513e-01	3.502488399588969e-01	4.210218958709258e-01	2.216364164174659e+01
6.216596942154280e+00	6.590749850419548e+02	5.875552671819021e+00	8.142990294867809e-08	1.222005078897505e+00	6.845378349630366e+03	4.534875223150782e+01	6.884922255544298e+03	-2.050720826564623e-01	-3.277975433574583e-01	5.125811935489055e-01	2.357885131853128e+01
6.413949226032194e+00	7.187795934193811e+02	5.920273968465929e+00	7.466602118200575e-08	1.218332928599577e+00	7.239819489932247e+03	6.214230786598215e+01	7.295276885429881e+03	-2.040107686550702e-01	-1.630593352207908e+00	5.457689093900684e-01	2.479061879212022e+01
6.611301509910107e+00	7.188096389345093e+02	5.920302852717510e+00	7.442940848729217e-08	1.218236024689497e+00	7.240018402372037e+03	6.231995235464193e+01	7.295327334381765e+03	-2.040149244785600e-01	-1.678727013047129e+00	5.457821134653328e-01	2.575266517692137e+01
6.808653793788021e+00	7.188489641802663e+02	5.920351450713497e+00	7.442533676302267e-08	1.218109203610333e+00	7.240277419956675e+03	6.256335691398736e+01	7.295405650596988e+03	-2.040207601196548e-01	-1.759713367550884e+00	5.457989848919463e-01	2.658825139436644e+01
7.006006077665934e+00	7.188489641802663e+02	5.920351450713497e+00	7.442533676302267e-08	1.218109203610333e+00	7.240277419956675e+03	6.256335691398736e+01	7.295405650596988e+03	-2.040207601196548e-01	-1.759713367550884e+00	5.457989848919463e-01	2.734270291911459e+01
7.203358361543848e+00	7.188489641802663e+02	5.920351450713497e+00	7.442533676302267e-08	1.218109203610333e+00	7.240277419956675e+03	6.256335691398736e+01	7.295405650596988e+03	-2.040207601196548e-01	-1.759713367550884e+00	5.457989848919463e-01	2.809103546537907e+01
7.400710645421761e+00	7.188489641802663e+02	5.920351450713497e+00	7.442533676302267e-08	1.218109203610333e+00	7.240277419956675e+03	6.256335691398736e+01	7.295405650596988e+03	-2.040207601196548e-01	-1.759713367550884e+00	5.457989848919463e-01	2.883328965201055e+01
7.598062929299675e+00	7.188489641802663e+02	5.920351450713497e+00	7.442533676302267e-08	1.218109203610333e+00	7.240277419956675e+03	6.256335691398736e+01	7.295405650596988e+03	-2.040207601196548e-01	-1.759713367550884e+00	5.457989848919463e-01	2.956948324344557e+01
7.795415213177589e+00	7.188489641802663e+02	5.920351450713497e+00	7.442533676302267e-08	1.218109203610333e+00	7.240277419956675e+03	6.256335691398736e+01	7.295405650596988e+03	-2.040207601196548e-01	-1.759713367550884e+00	5.457989848919463e-01	3.029963396650110e+01
7.992767497055502e+00	7.188489641802663e+02	5.920351450713497e+00	7.442533676302267e-08	1.218109203610333e+00	7.240277419956675e+03	6.256335691398736e+01	7.295405650596988e+03	-2.040207601196548e-01	-1.759713367550884e+00	5.457989848919463e-01	3.102436832933829e+01
8.190119780933417e+00	7.188889280177516e+02	5.920477629667079e+00	3.342909054625773e-05	1.218017861336687e+00	7.240401236961897e+03	6.287815223733499e+01	7.295627073187278e+03	-1.496205917202236e-01	-1.908754578742280e+00	5.064209361554503e-01	3.174414808587417e+01
8.387472064811330e+00	7.189503684341926e+02	5.920688455298594e+00	8.470133072554779e-05	1.217892862431486e+00	7.240560578857938e+03	6.338854648999929e+01	7.296024814304636e+03	-5.872146357492904e-02	-2.130447224600052e+00	4.525383764378260e-01	3.245898446809650e+01
8.584824348689244e+00	7.189625653726815e+02	5.920733651395278e+00	9.487867562336798e-05	1.217883053660811e+00	7.240569273445988e+03	6.347932340437934e+01	7.296116065447211e+03	-3.923183903013999e-02	-2.149235554572623e+00	4.483118074567356e-01	3.316888870799306e+01
8.782176632567158e+00	7.189625653726815e+02	5.920733651395278e+00	9.487867562336798e-05	1.217883053660811e+00	7.240569273445988e+03	6.347932340437934e+01	7.296116065447211e+03	-3.923183903013999e-02	-2.149235554572623e+00	4.483118074567356e-01	3.387666541530299e+01
8.979528916445071e+00	7.189625653726815e+02	5.920733651395278e+00	9.487867562336798e-05	1.217883053660811e+00	7.240569273445988e+03	6.347932340437934e+01	7.296116065447211e+03	-3.923183903013999e-02	-2.149235554572623e+00	4.483118074567356e-01	3.458233440718826e+01
9.176881200322985e+00	7.190824568851374e+02	5.921276543869822e+00	1.033660082357698e-04	1.217609138295187e+00	7.240914167345314e+03	6.507688969894889e+01	7.297407213582813e+03	-1.940317665408803e-02	-2.790501046573237e+00	4.383802745045213e-01	3.528589628431806e+01
9.374233484200898e+00	7.192526697482190e+02	5.922093694381223e+00	1.154108182967278e-04	1.217254836134857e+00	7.241333650863928e+03	6.749955938547652e+01	7.299464694990508e+03	1.044571472266183e-02	-3.670241112685807e+00	4.255347961417583e-01	3.597625574457708e+01
9.571585768078814e+00	7.193033689499271e+02	5.922350924282769e+00	1.189973551629754e-04	1.217212398587294e+00	7.241360208697009e+03	6.819376912869193e+01	7.300148274938096e+03	1.984203043304324e-02	-3.781642452285690e+00	4.240129202367846e-01	3.664255956361166e+01
9.768938051956727e+00	7.193033689499271e+02	5.922350924282769e+00	1.189973551629754e-04	1.217212398587294e+00	7.241360208697009e+03	6.819376912869193e+01	7.300148274938096e+03	1.984203043304324e-02	-3.781642452285690e+00	4.240129202367846e-01	3.728523877121135e+01
9.966290335834641e+00	7.193033689499271e+02	5.922350924282769e+00	1.189973551629754e-04	1.217212398587294e+00	7.241360208697009e+03	6.819376912869193e+01	7.300148274938096e+03	1.984203043304324e-02	-3.781642452285690e+00	4.240129202367846e-01	3.790472443616486e+01
1.016364261971255e+01	7.193033689499271e+02	5.922350924282769e+00	1.189973551629754e-04	1.217212398587294e+00	7.241360208697009e+03	6.819376912869193e+01	7.300148274938096e+03	1.984203043304324e-02	-3.781642452285690e+00	4.240129202367846e-01	3.850141627690919e+01
1.036099490359047e+01	7.193033689499271e+02	5.922350924282769e+00	1.189973551629754e-04	1.217212398587294e+00	7.241360208697009e+03	6.819376912869193e+01	7.300148274938096e+03	1.984203043304324e-02	-3.781642452285690e+00	4.240129202367846e-01	3.906812614453085e+01
1.055834718746838e+01	7.193033689499271e+02	5.922350924282769e+00	1.189973551629754e-04	1.217212398587294e+00	7.241360208697009e+03	6.819376912869193e+01	7.300148274938096e+03	1.984203043304324e-02	-3.781642452285690e+00	4.240129202367846e-01	3.960493774426198e+01
1.075569947134630e+01	7.193033689499271e+02	5.922350924282769e+00	1.189973551629754e-04	1.217212398587294e+00	7.241360208697009e+03	6.819376912869193e+01	7.300148274938096e+03	1.984203043304324e-02	-3.781642452285690e+00	4.240129202367846e-01	4.011265847482522e+01
1.095305175522421e+01	7.193033689499271e+02	5.922350924282769e+00	1.189973551629754e-04	1.217212398587294e+00	7.241360208697009e+03	6.819376912869193e+01	7.300148274938096e+03	1.984203043304324e-02	-3.781642452285690e+00	4.240129202367846e-01	4.059209573494323e+01
1.115040403910212e+01	7.193033689499271e+02	5.922350924282769e+00	1.189973551629754e-04	1.217212398587294e+00	7.241360208697009e+03	6.819376912869193e+01	7.300148274938096e+03	1.984203043304324e-02	-3.781642452285690e+00	4.240129202367846e-01	4.104405691229068e+01
1.134775632298004e+01	7.193033689499271e+02	5.922350924282769e+00	1.189973551629754e-04	1.217212398587294e+00	7.241360208697009e+03	6.819376912869193e+01	7.300148274938096e+03	1.984203043304324e-02	-3.781642452285690e+00	4.240129202367846e-01	4.146934942768612e+01
1.154510860685795e+01	7.193033689499271e+02	5.922350924282769e+00	1.189973551629754e-04	1.217212398587294e+00	7.241360208697009e+03	6.819376912869193e+01	7.300148274938096e+03	1.984203043304324e-02	-3.781642452285690e+00	4.240129202367846e-01	4.186878066880424e+01
1.174246089073586e+01	7.193033689499271e+02	5.922350924282769e+00	1.189973551629754e-04	1.217212398587294e+00	7.241360208697009e+03	6.819376912869193e+01	7.300148274938096e+03	1.984203043304324e-02	-3.781642452285690e+00	4.240129202367846e-01	4.224315803436769e+01
1.193981317461378e+01	7.193033689499271e+02	5.922350924282769e+00	1.189973551629754e-04	1.217212398587294e+00	7.241360208697009e+03	6.819376912869193e+01	7.300148274938096e+03	1.984203043304324e-02	-3.781642452285690e+00	4.240129202367846e-01	4.259092785793149e+01
1.213716545849169e+01	7.193033689499271e+02	5.922350924282769e+00	1.189973551629754e-04	1.217212398587294e+00	7.241360208697009e+03	6.819376912869193e+01	7.300148274938096e+03	1.984203043304324e-02	-3.781642452285690e+00	4.240129202367846e-01	4.291166663468143e+01
1.233451774236960e+01	7.193033689499271e+02	5.922350924282769e+00	1.189973551629754e-04	1.217212398587294e+00	7.241360208697009e+03	6.819376912869193e+01	7.300148274938096e+03	1.984203043304324e-02	-3.781642452285690e+00	4.240129202367846e-01	4.320646451991733e+01
1.253187002624752e+01	7.193033689499271e+02	5.922350924282769e+00	1.189973551629754e-04	1.217212398587294e+00	7.241360208697009e+03	6.819376912869193e+01	7.300148274938096e+03	1.984203043304324e-02	-3.781642452285690e+00	4.240129202367846e-01	4.347641166893902e+01
1.272922231012543e+01	7.193033689499271e+02	5.922350924282769e+00	1.189973551629754e-04	1.217212398587294e+00	7.241360208697009e+03	6.819376912869193e+01	7.300148274938096e+03	1.984203043304324e-02	-3.781642452285690e+00	4.240129202367846e-01	4.372259823704632e+01
1.292657459400334e+01	7.193033689499271e+02	5.922350924282769e+00	1.189973551629754e-04	1.217212398587294e+00	7.241360208697009e+03	6.819376912869193e+01	7.300148274938096e+03	1.984203043304324e-02	-3.781642452285690e+00	4.240129202367846e-01	4.395748458949029e+01
1.312392687788126e+01	7.193033689499271e+02	5.922350924282769e+00	1.189973551629754e-04	1.217212398587294e+00	7.241360208697009e+03	6.819376912869193e+01	7.300148274938096e+03	1.984203043304324e-02	-3.781642452285690e+00	4.240129202367846e-01	4.419217796400349e+01
1.332127916175917e+01	7.193033689499271e+02	5.922350924282769e+00	1.189973551629754e-04	1.217212398587294e+00	7.241360208697009e+03	6.819376912869193e+01	7.300148274938096e+03	1.984203043304324e-02	-3.781642452285690e+00	4.240129202367846e-01	4.443272284967755e+01
1.351863144563709e+01	7.193033689499271e+02	5.922350924282769e+00	1.189973551629754e-04	1.217212398587294e+00	7.241360208697009e+03	6.819376912869193e+01	7.300148274938096e+03	1.984203043304324e-02	-3.781642452285690e+00	4.240129202367846e-01	4.473558186604991e+01
1.371598372951500e+01	7.193033689499271e+02	5.922350924282769e+00	1.189973551629754e-04	1.217212398587294e+00	7.241360208697009e+03	6.819376912869193e+01	7.300148274938096e+03	1.984203043304324e-02	-3.781642452285690e+00	4.240129202367846e-01	4.518105279318521e+01
1.391333601339291e+01	7.193033689499271e+02	5.922350924282769e+00	1.189973551629754e-04	1.217212398587294e+00	7.241360208697009e+03	6.819376912869193e+01	7.300148274938096e+03	1.984203043304324e-02	-3.781642452285690e+00	4.240129202367846e-01	4.566031863818697e+01
1.411068829727083e+01	7.193033689499271e+02	5.922350924282769e+00	1.189973551629754e-04	1.217212398587294e+00	7.241360208697009e+03	6.819376912869193e+01	7.300148274938096e+03	1.984203043304324e-02	-3.781642452285690e+00	4.240129202367846e-01	4.612689538113943e+01
1.430804058114874e+01	7.193033689499271e+02	5.922350924282769e+00	1.189973551629754e-04	1.217212398587294e+00	7.241360208697009e+03	6.819376912869193e+01	7.300148274938096e+03	1.984203043304324e-02	-3.781642452285690e+00	4.240129202367846e-01	4.655295750271598e+01
1.450539286502665e+01	7.193033689499271e+02	5.922350924282769e+00	1.189973551629754e-04	1.217212398587294e+00	7.241360208697009e+03	6.819376912869193e+01	7.300148274938096e+03	1.984203043304324e-02	-3.781642452285690e+00	4.240129202367846e-01	4.690817603907418e+01
1.470274514890457e+01	7.193033689499271e+02	5.922350924282769e+00	1.189973551629754e-04	1.217212398587294e+00	7.241360208697009e+03	6.819376912869193e+01	7.300148274938096e+03	1.984203043304324e-02	-3.781642452285690e+00	4.240129202367846e-01	4.716624428917124e+01
1.490009743278248e+01	7.193033689499271e+02	5.922350924282769e+00	1.189973551629754e-04	1.217212398587294e+00	7.241360208697009e+03	6.819376912869193e+01	7.300148274938096e+03	1.984203043304324e-02	-3.781642452285690e+00	4.240129202367846e-01	4.732395325954392e+01
1.509744971666039e+01	7.193033689499271e+02	5.922350924282769e+00	1.189973551629754e-04	1.217212398587294e+00	7.241360208697009e+03	6.819376912869193e+01	7.300148274938096e+03	1.984203043304324e-02	-3.781642452285690e+00	4.240129202367846e-01	4.742815082420034e+01
1.529480200053831e+01	7.193033689499271e+02	5.922350924282769e+00	1.189973551629754e-04	1.217212398587294e+00	7.241360208697009e+03	6.819376912869193e+01	7.300148274938096e+03	1.984203043304324e-02	-3.781642452285690e+00	4.240129202367846e-01	4.748096963504709e+01
1.549215428441622e+01	7.193033689499271e+02	5.922350924282769e+00	1.189973551629754e-04	1.217212398587294e+00	7.241360208697009e+03	6.819376912869193e+01	7.300148274938096e+03	1.984203043304324e-02	-3.781642452285690e+00	4.240129202367846e-01	4.749816891393827e+01
1.568950656829414e+01	7.193033689499271e+02	5.922350924282769e+00	1.189973551629754e-04	1.217212398587294e+00	7.241360208697009e+03	6.819376912869193e+01	7.300148274938096e+03	1.984203043304324e-02	-3.781642452285690e+00	4.240129202367846e-01	4.749949764978732e+01
